(0.5 0.0 -0.05)
(0.55263 -0.2233 -0.05)
(0.60526 -0.30689 -0.05)
(0.65789 -0.36464 -0.05)
(0.71053 -0.40768 -0.05)
(0.76316 -0.44035 -0.05)
(0.81579 -0.46483 -0.05)
(0.86842 -0.48238 -0.05)
(0.92105 -0.49373 -0.05)
(0.97368 -0.49931 -0.05)
(1.02632 -0.49931 -0.05)
(1.07895 -0.49373 -0.05)
(1.13158 -0.48238 -0.05)
(1.18421 -0.46483 -0.05)
(1.23684 -0.44035 -0.05)
(1.28947 -0.40768 -0.05)
(1.34211 -0.36464 -0.05)
(1.39474 -0.30689 -0.05)
(1.44737 -0.2233 -0.05)
(1.5 0.0 -0.05)
(0.5 0.0 0.05)
(0.55263 -0.2233 0.05)
(0.60526 -0.30689 0.05)
(0.65789 -0.36464 0.05)
(0.71053 -0.40768 0.05)
(0.76316 -0.44035 0.05)
(0.81579 -0.46483 0.05)
(0.86842 -0.48238 0.05)
(0.92105 -0.49373 0.05)
(0.97368 -0.49931 0.05)
(1.02632 -0.49931 0.05)
(1.07895 -0.49373 0.05)
(1.13158 -0.48238 0.05)
(1.18421 -0.46483 0.05)
(1.23684 -0.44035 0.05)
(1.28947 -0.40768 0.05)
(1.34211 -0.36464 0.05)
(1.39474 -0.30689 0.05)
(1.44737 -0.2233 0.05)
(1.5 0.0 0.05)
