(0.0 0.0 -0.05)
(0.05263 -0.22329 -0.05)
(0.10526 -0.30689 -0.05)
(0.15789 -0.36464 -0.05)
(0.21053 -0.40769 -0.05)
(0.26316 -0.44035 -0.05)
(0.31579 -0.46483 -0.05)
(0.36842 -0.48238 -0.05)
(0.42105 -0.49373 -0.05)
(0.47368 -0.49931 -0.05)
(0.52632 -0.49931 -0.05)
(0.57895 -0.49373 -0.05)
(0.63158 -0.48238 -0.05)
(0.68421 -0.46483 -0.05)
(0.73684 -0.44035 -0.05)
(0.78947 -0.40769 -0.05)
(0.84211 -0.36464 -0.05)
(0.89474 -0.30689 -0.05)
(0.94737 -0.22329 -0.05)
(1.0 0.0 -0.05)
(0.0 0.0 0.05)
(0.05263 -0.22329 0.05)
(0.10526 -0.30689 0.05)
(0.15789 -0.36464 0.05)
(0.21053 -0.40769 0.05)
(0.26316 -0.44035 0.05)
(0.31579 -0.46483 0.05)
(0.36842 -0.48238 0.05)
(0.42105 -0.49373 0.05)
(0.47368 -0.49931 0.05)
(0.52632 -0.49931 0.05)
(0.57895 -0.49373 0.05)
(0.63158 -0.48238 0.05)
(0.68421 -0.46483 0.05)
(0.73684 -0.44035 0.05)
(0.78947 -0.40769 0.05)
(0.84211 -0.36464 0.05)
(0.89474 -0.30689 0.05)
(0.94737 -0.22329 0.05)
(1.0 0.0 0.05)
